	f2	f1	f3	f4	p2	p1	t1	not16S.1	t2
f2	0.0	0.26009565527	0.26009565527	0.408779234448	0.611467847783	0.56776758608	0.879901349993	1.0	0.879901349993
f1	0.26009565527	0.0	0.0	0.200949731188	0.730172858344	0.749316652081	0.859632207458	1.0	0.859632207458
f3	0.26009565527	0.0	0.0	0.200949731188	0.730172858344	0.749316652081	0.859632207458	1.0	0.859632207458
f4	0.408779234448	0.200949731188	0.200949731188	0.0	0.71053010496	0.720287391656	0.844643790087	1.0	0.844643790087
p2	0.611467847783	0.730172858344	0.730172858344	0.71053010496	0.0	0.484983517108	0.501799856012	1.0	0.501799856012
p1	0.56776758608	0.749316652081	0.749316652081	0.720287391656	0.484983517108	0.0	0.645894101442	1.0	0.645894101442
t1	0.879901349993	0.859632207458	0.859632207458	0.844643790087	0.501799856012	0.645894101442	0.0	1.0	0.0
not16S.1	1.0	1.0	1.0	1.0	1.0	1.0	1.0	0.0	1.0
t2	0.879901349993	0.859632207458	0.859632207458	0.844643790087	0.501799856012	0.645894101442	0.0	1.0	0.0