	f2	f1	f3	f4	p2	p1	t1	not16S.1	t2
f2	0.0	0.0726095	0.0726095	0.0398005	0.3553935	0.428803605263	0.627787394737	1.0	0.593214
f1	0.0726095	0.0	0.0	0.095606	0.328406	0.443744105263	0.583995894737	1.0	0.5494225
f3	0.0726095	0.0	0.0	0.095606	0.328406	0.443744105263	0.583995894737	1.0	0.5494225
f4	0.0398005	0.095606	0.095606	0.0	0.385588	0.445022105263	0.641177894737	1.0	0.6066045
p2	0.3553935	0.328406	0.328406	0.385588	0.0	0.299484578947	0.424852578947	1.0	0.3351405
p1	0.428803605263	0.443744105263	0.443744105263	0.445022105263	0.299484578947	0.0	0.555826315789	1.0	0.466114236842
t1	0.627787394737	0.583995894737	0.583995894737	0.641177894737	0.424852578947	0.555826315789	0.0	1.0	0.0904081842105
not16S.1	1.0	1.0	1.0	1.0	1.0	1.0	1.0	0.0	1.0
t2	0.593214	0.5494225	0.5494225	0.6066045	0.3351405	0.466114236842	0.0904081842105	1.0	0.0