	PC.636	PC.635	PC.356	PC.481	PC.354	PC.593	PC.355	PC.607	PC.634
PC.636	0.0	0.686787142562	0.760033955466	0.685420618487	0.772582430139	0.750919343295	0.736356158009	0.73174241997	0.562939349978
PC.635	0.686787142562	0.0	0.762293153665	0.657151608248	0.727964951115	0.726255366002	0.737604806147	0.725062619714	0.650376160212
PC.356	0.760033955466	0.762293153665	0.0	0.709974510878	0.67631518493	0.743388499999	0.599432395164	0.762475099631	0.770945893783
PC.481	0.685420618487	0.657151608248	0.709974510878	0.0	0.602330429362	0.669268909048	0.649218394022	0.696128320443	0.659280872124
PC.354	0.772582430139	0.727964951115	0.67631518493	0.602330429362	0.0	0.570926426022	0.623926030131	0.758348713599	0.799417984544
PC.593	0.750919343295	0.726255366002	0.743388499999	0.669268909048	0.570926426022	0.0	0.695252318423	0.719800102543	0.77508119069
PC.355	0.736356158009	0.737604806147	0.599432395164	0.649218394022	0.623926030131	0.695252318423	0.0	0.807096458418	0.777159813896
PC.607	0.73174241997	0.725062619714	0.762475099631	0.696128320443	0.758348713599	0.719800102543	0.807096458418	0.0	0.709912203716
PC.634	0.562939349978	0.650376160212	0.770945893783	0.659280872124	0.799417984544	0.77508119069	0.777159813896	0.709912203716	0.0