	PC.636	PC.635	PC.356	PC.481	PC.354	PC.593	PC.355	PC.607	PC.634
PC.636	0.0	0.2687007	0.4845359	0.4682548	0.546497	0.3363861	0.3856349	0.3830804	0.2172938
PC.635	0.2687007	0.0	0.382663	0.3599411	0.4423949	0.2778466	0.3054272	0.2705959	0.2468759
PC.356	0.4845359	0.382663	0.0	0.1424507	0.1398047	0.3847052	0.194615	0.3364921	0.4756149
PC.481	0.4682548	0.3599411	0.1424507	0.0	0.1757624	0.3537543	0.1821985	0.3159996	0.4449616
PC.354	0.546497	0.4423949	0.1398047	0.1757624	0.0	0.4154789	0.2402535	0.4004558	0.5303202
PC.593	0.3363861	0.2778466	0.3847052	0.3537543	0.4154789	0.0	0.3275804	0.2539393	0.3662209
PC.355	0.3856349	0.3054272	0.194615	0.1821985	0.2402535	0.3275804	0.0	0.3201793	0.3848487
PC.607	0.3830804	0.2705959	0.3364921	0.3159996	0.4004558	0.2539393	0.3201793	0.0	0.3787312
PC.634	0.2172938	0.2468759	0.4756149	0.4449616	0.5303202	0.3662209	0.3848487	0.3787312	0.0