	f2	f1	f3	f4	p2	p1	t1	not16S.1	t2
f2	0.0	0.047803	0.047803	0.0239015	0.3898595	0.437541552632	0.638981342105	1.0	0.580815
f1	0.047803	0.0	0.0	0.0717045	0.3612685	0.436902552632	0.610390342105	1.0	0.552224
f3	0.047803	0.0	0.0	0.0717045	0.3612685	0.436902552632	0.610390342105	1.0	0.552224
f4	0.0239015	0.0717045	0.0717045	0.0	0.404155	0.437861052632	0.653276842105	1.0	0.5951105
p2	0.3898595	0.3612685	0.3612685	0.404155	0.0	0.228595052632	0.472015105263	1.0	0.3156315
p1	0.437541552632	0.436902552632	0.436902552632	0.437861052632	0.228595052632	0.0	0.592568421053	1.0	0.436184815789
t1	0.638981342105	0.610390342105	0.610390342105	0.653276842105	0.472015105263	0.592568421053	0.0	1.0	0.157079710526
not16S.1	1.0	1.0	1.0	1.0	1.0	1.0	1.0	0.0	1.0
t2	0.580815	0.552224	0.552224	0.5951105	0.3156315	0.436184815789	0.157079710526	1.0	0.0